4369342612416584
3063458258127816
4663338109910450
8173287156660510
4163106774159544
1152488858125700
4358547636367274
8731598612753501
3171429184643633
6343307122694280
4084526125393158
5845640090532201
5901734421566089
2221840792120630
2067652621641803
1872294137456429
2039530104244654
2941181132441298
7427462519911576
5433413907400310
5722527323275738
1410234424462815
0435680170370022
5146744903584274
0981185865929505
5091964086508391
2444039047599647
4918019237946664
1861569432491791
5789922626481469
2805869382240836
5638000086442063
8500291839744163
8245474944854967
0837616283430169
5865296737487865
0128159984365028
0205128931454511
3565560493412354
5452208293824337
4622841140661568
0268123125014561
